3111

23, 31], Fylnniinnsll, 1. 4, 1 1111111111, 13. 7, 31. 11, 32. 13,13. 211,ι’1. 111,
(1111111113, 111. 23. 3, 3. 313. 21 111 allicnns ³2 4111 (1111. 217· ,1111111111111111 22, 23,
petrosilino 23, 71, 111111111 4, 1, l'ppoeralis norninativo4, 30 [llippocrat 11 22, 3,
Ypocratis 23, 34], copodis sensibilitas 13, 23; (11111111 7, 11. ol. etiarn quae de
coniugationibus secunda 111111111111111 inter 11 permutatis infra dicenins.

11-1111.111,11111; 1111111111.Ι 3,1111111111 17, 8.
133: 1111(8.11,49111111111111111111111,3111111111122,11.1.3,23, 31.

ΕΧεΑΕὸ(311,.1111111111,1114111111.11111,11,11;1111111111111111
1123111324). 3111.1.111111111.--1111111;11411111111111.

3:33: (1111111327,111·111ἰο’3,11.21,16, 1111111111111, 12. 33 .-: 3: 1111-
copii 211, 7.

3:011 18. ΙΙ, 2111); diarria 17, 23.

3:11: amigdala 2, 13. 27, bradipora 4, 22 11111111111111 23, 1. 111, cristallo 3,11,
erisipelatodes 13, 21, 1111111 4, 2.·’1 [pintarniron 22, 231, pirus 111, 111, ,1111111111 13, 3,
Sycionicns 13, 31, sirnptornala 3, 23 7, 11, sincopus 1313. 111, 32. 34, 211, 13. 7. 211
(syncopns 13, 241, 1111111111 4, 1. ,3, 13. 13, 3 1111111122, 12], 111111111113, 13. 22:
3, 111. 11, 3, 213, 111, 21. 26, 13, 31. 21), 13 [tisana 23, 231, yosquiarnns 21, 24.
Servata est Y in liis: clysteris 11, 13. 12,12.211,13, 13. 111, 111, cydonia (eytonea)
3,211,1111111111111,213,11·1111111.11’1,2,31·11111111113,21’1, 11111113,22,111121,21;
1111111112, 111, 111·1111111111,211.23,111111111113,211,1111111111, 4111, 1111111111
13,23,11·1111111111,22. 14131111,1111111111,11,111111114111.211,111,27.3;11
1111111114, 14, 1111111111113,23,,,1111111111111417.12211.1114.13,1.111,1,11111111111
21, 13. 21.2 1,)1111111111111, 111, 1111111117, 14,)11111111117,21.23.211,17.2.”1,
1111111112,311.111,11.13.

Y = J Fylnniinns 11, 1. 4, Sycionicns13,31; Yppocralis 4, 33 1111111111111 23, 341.

0:13 (8.11, 1411 s. lll, 213 s. R. 4343: carboncnlns 13, 3, 1111111111 1, 4
123, 13. 23]; cotis 3, 4. 11, 2. 12, 11, 11101114, 4 [fenicolo 23, 71, 11111111111111 7, 22
[merolus 23, 311, novola 7, 23. 23. 311, 17, 11, noccs 2, 21. 27, 11111111 111, 13:
potredo 13, 23. 211, 11, 11. 7. 3. 11, notriscero 4, 11, 33, 3, 1. 14, 111 1111111111111111
23, 111, robens 14, 13. 133 3, 13. 7, 33. 3, 11. 211, 1, snbroboa 3, 4. 14. 111. 32,
robrns2,23.14, 3 11111111123,111,1111111111111233,11111111123311,111111111
. 1111111123111 infra qnae ad declinationes socundarnct quartani portinent.

1εο13111111.111,1111.11.111);11111111111111,1 (of. 8. 11, 1131,
cognosco 123, 2-,4 c. 8111241,1111111114,11,11111111111121, 23 1211211111
8. ΙΙ, 12711111. 123, 213. 1111110124, 21. Vide 11111111 (inclinationes norninurn.

 

