0-1: 10100111 10, 21010111011011 1101. 113. ];Υ; 0011110110 23, 15].

(r:u (S. ΙΙ, 213 sl: opitlroruu [23, 15].

11;-1 (S. ΙΙ, 231111. 135. 5211); 1011101111 5, 15.

11-1 (S. ΙΙ, 253); 1110111111 lu, 17, iuluba 1, 7 (intyba 15, 301, 01. 8010110111
1101101111111 111 Vergili Bucolica 01 Georgica 0311101011 11101111 p. 332 (1100111. IV, 123) 01 ·
7;,12,1111·1·121, 13. 21. 21 [1111111122 71211, 23, 21]. 2:11: gyla 5, 8, 01.
S. 11, rua.

(¹onsonanllurn permutat-lo.

11;-Ρ (8.1, 121); 11110113, 3. 1:13 (R. 1:3⁶1: optiruu 13, 21. 21. 23;
suptilis 2, 13. 3, 1. 1, 20. 30. 7, 12. 11. 33, 3, 13; 12, 20, 111, 3. 17, 23. 21,
23, 1. 5.7 123, 13. 21. 23], 1101111101· 3, 13, suptilitas 5, 7. 11, 3, subtiliare
12, 23. 22, 1.

13:1¹ (11. 155] 1111111οε bcl 1, 13,11011120, 13; 11011111 2, 23,11010 1, 15.
1111110 3, 31), 1111111113, 111111 5,1, 111111 1, 23, 11 verborum coniugatione: curabimus
15, 18, 1111110111 1, 13; 11101111011113, 23; postulabcril 13, 7, 11 celcris: 0011110-
1101113, 23; 1111101111 17, 2, 0111011110 11, 11; 0110111110 3, 2, 1111111111 3, 11, 1111111111
12, 15, 101100 13, 21, graba 1, 22. 13, 11; grabis 1, 23. 3, 23, 1111100111 17, 13,
11110110 3, 25, 111111101011111 5, 13, 1111110011 13, 23; 1111011111 13, 27, iubare 2, 33.
11. 23; 13, 21. 22, 11, 27, 12, 31. 33, 13, 23. 15,23,1111101·111 15,23,111111·0
3, 22. 33. 31, 3, 3. 22, 13, 1. 3, 12, 1713, 1111111103, 1, 101111101111012, 23.
1, 23; 7, 3, 1011111111, 23;1111111017, 22. s, 12. 13, 13, 11111111 3, 5, 1110110111 5, 1.
12, 31,1011111111107, 13,]111111101 1, 3. 2, 23; 1011011010 3, 23,1111111 1, 20,εο111-
pcrbiba 15, 31,111111011113, 23.

V=B 111453) 111 10111οε vaca 13, 30, 10101, 17. 2,12. 13,13. 21113, riuas
2,11, roua 1, 27, 11 10111011110011111110101 claris 2, 3. 3, 23. 3, 30. 11123. 12,11;
13; 13, 32, 20, 2. 115;lricuris 13, 23;1100101·11; carruuculus 17, 23, cirus 3, 27.
5,11; lava 1, 3, 1101010113 11,11. 11, 33. 17, 31. 13, 23; 1101010111ιο 11, 3. 13,10
[1101101111023 13. 27],1110011111 13, 22, 11101010 2, 17. 23, 11101·οε 17, 7,101011
7, 23. 33, 31111111 11, 23, Sariuicusis 13, 33, soluere 3, 20, sarcilia 2, 1. 3, 5.
12, 23. 13, 22. 20, 15; subrauca 7, 1, tivi 12, 11; turribus 7, 3. 11, 5, 11111110
3, 18.

G = G: uccglcgcutia [22, 13]. G: (1 (S. 1, 125 s. R. 155]; llgragarrtiuus 17, 13,
0111111111 211, 30011101. 122, (111111111 13, 31 [baga 23, 1, urclaugulicus 22, 13].

G: Q: acusus 11, 3. Q = G: 1111101111 13, 11, 1110110111 11, 33, yusquiaruus
21, ar (11. 3. 11, aaa).
11

 

